Date Height(cm)
202301010624 182
202301011156 116
202301011731 178
202301020032 47
202301020723 198
202301021325 114
202301021842 167
202301030119 44
202301030813 214
202301031440 105
202301031946 160
202301040201 41
202301040857 228
202301041538 94
202301042039 157
202301050241 38
202301050937 240
202301051625 85
202301052126 156
202301060319 37
202301061015 248
202301061706 78
202301062207 155
202301070356 38
202301071051 252
202301071742 73
202301072246 155
202301080431 40
202301081125 253
202301081816 71
202301082323 155
202301090505 45
202301091158 250
202301091847 70
202301092359 155
202301100540 52
202301101229 244
202301101917 70
202301110037 155
202301110615 61
202301111259 235
202301111947 70
202301120118 155
202301120653 72
202301121329 225
202301122019 70
202301130206 156
202301130735 84
202301131400 213
202301132055 68
202301140302 159
202301140825 98
202301141434 200
202301142137 65
202301150410 166
202301150929 111
202301151515 187
202301152228 60
202301160524 177
202301161051 121
202301161610 173
202301162324 54
202301170635 193
202301171229 122
202301171725 161
202301180022 46
202301180737 213
202301181359 112
202301181851 156
202301190118 38
202301190830 233
202301191507 95
202301192005 157
202301200211 30
202301200919 252
202301201600 78
202301202106 162
202301210301 24
202301211003 266
202301211646 61
202301212200 168
202301220350 21
202301221046 275
202301221729 48
202301222250 173
202301230437 24
202301231127 278
202301231810 39
202301232339 177
202301240524 31
202301241207 273
202301241851 35
202301250027 179
202301250610 43
202301251245 262
202301251933 35
202301260117 179
202301260658 58
202301261324 245
202301262015 40
202301270210 177
202301270747 77
202301271402 224
202301272100 46
202301280309 176
202301280843 96
202301281442 201
202301282149 54
202301290417 177
202301290952 113
202301291528 178
202301292243 60
202301300534 182
202301301129 124
202301301631 157
202301302342 64
202301310650 192
202302010041 64
202302010753 205
202302011456 108
202302011937 141
202302020134 61
202302020843 218
202302021545 95
202302022037 144
202302030221 56
202302030924 230
202302031620 84
202302032122 150
202302040303 51
202302040959 240
202302041650 74
202302042159 158
202302050342 46
202302051032 246
202302051716 67
202302052234 165
202302060418 44
202302061102 249
202302061742 62
202302062307 172
202302070453 44
202302071131 248
202302071806 58
202302072339 178
202302080527 47
202302081159 243
202302081831 55
202302090013 182
202302090602 54
202302091227 235
202302091856 54
202302100049 184
202302100637 64
202302101253 224
202302101925 53
202302110129 185
202302110716 77
202302111321 211
202302111957 53
202302120216 185
202302120801 93
202302121351 196
202302122036 55
202302130314 184
202302130859 109
202302131427 179
202302132125 58
202302140428 187
202302141023 122
202302141517 161
202302142229 61
202302150555 196
202302152344 59
202302160713 211
202302161406 107
202302161852 142
202302170057 54
202302170814 230
202302171505 85
202302172013 152
202302180200 45
202302180904 248
202302181549 64
202302182111 167
202302190255 36
202302190948 261
202302191627 46
202302192200 181
202302200346 31
202302201028 269
202302201704 32
202302202244 194
202302210433 29
202302211107 269
202302211741 24
202302212327 202
202302220518 33
202302221143 263
202302221817 22
202302230009 206
202302230602 43
202302231219 249
202302231853 26
202302240051 206
202302240646 58
202302241253 230
202302241929 35
202302250136 202
202302250731 76
202302251327 207
202302252007 47
202302260224 195
202302260822 95
202302261400 183
202302262048 61
202302270322 188
202302270927 114
202302271435 159
202302272137 73
202302280437 184
202302282244 83
202303010610 186
202303020003 85
202303020730 196
202303030112 81
202303030822 208
202303031533 89
202303032039 144
202303040205 73
202303040901 219
202303041555 78
202303042114 157
202303050249 63
202303050933 228
202303051616 68
202303052144 170
202303060327 55
202303061002 235
202303061636 59
202303062213 184
202303070402 48
202303071030 238
202303071657 51
202303072243 196
202303080436 45
202303081058 238
202303081719 44
202303082314 205
202303090510 46
202303091124 233
202303091743 39
202303092347 211
202303100545 52
202303101151 226
202303101809 37
202303110021 214
202303110622 62
202303111218 214
202303111837 38
202303120059 213
202303120701 75
202303121246 200
202303121909 42
202303130143 209
202303130747 91
202303131317 183
202303131946 50
202303140236 204
202303140848 107
202303141353 164
202303142034 60
202303150346 199
202303152145 71
202303160518 201
202303162318 76
202303170646 211
202303171358 90
202303171916 141
202303180045 71
202303180751 226
202303181444 67
202303182020 161
202303190153 61
202303190841 240
202303191522 47
202303192108 183
202303200249 50
202303200924 250
202303201557 30
202303202150 202
202303210339 41
202303211003 254
202303211631 18
202303212229 218
202303220424 38
202303221040 251
202303221705 13
202303222308 228
202303230508 40
202303231115 242
202303231738 15
202303232346 232
202303240551 48
202303241149 226
202303241811 22
202303250025 230
202303250634 61
202303251222 207
202303251843 34
202303260105 223
202303260719 78
202303261254 184
202303261915 50
202303270148 213
202303270810 96
202303271324 161
202303271948 67
202303280238 201
202303282027 83
202303290343 190
202303292133 97
202303300514 185
202303302319 103
202303310645 189
202303311435 93
202303311956 134
202304010045 98
202304010742 197
202304011454 82
202304012027 150
202304020143 88
202304020821 206
202304021511 72
202304022053 168
202304030227 77
202304030853 213
202304031528 61
202304032119 186
202304040305 66
202304040922 218
202304041547 49
202304042147 203
202304050341 58
202304050951 221
202304051609 39
202304052217 218
202304060417 53
202304061019 221
202304061633 30
202304062248 230
202304070453 53
202304071048 217
202304071659 25
202304072322 237
202304080530 57
202304081117 209
202304081727 24
202304082357 239
202304090610 65
202304091147 197
202304091758 28
202304100036 237
202304100655 77
202304101219 182
202304101831 36
202304110120 230
202304110748 89
202304111255 164
202304111909 49
202304120212 222
202304120858 100
202304121343 145
202304121959 66
202304130318 213
202304132116 82
202304140443 208
202304141223 89
202304141753 131
202304142300 90
202304150609 212
202304151326 70
202304151920 152
202304160032 86
202304160716 219
202304161409 50
202304162012 177
202304170142 76
202304170808 227
202304171447 32
202304172054 201
202304180238 65
202304180852 231
202304181521 19
202304182132 221
202304190328 56
202304190933 231
202304191555 11
202304192209 237
202304200414 51
202304201010 225
202304201628 9
202304202246 247
202304210459 52
202304211046 214
202304211700 13
202304212323 250
202304220543 58
202304221121 199
202304221731 23
202304230001 247
202304230627 68
202304231154 181
202304231802 36
202304240040 239
202304240715 81
202304241228 162
202304241831 53
202304250121 227
202304250810 94
202304251301 143
202304251859 70
202304260206 213
202304261931 87
202304270300 200
202304272025 102
202304280410 190
202304281257 98
202304290530 187
202304291333 88
202304300635 188
202304301354 78
202304301955 157
202305010105 103
202305010722 192
202305011413 67
202305012021 177
202305020155 92
202305020800 196
202305021433 54
202305022049 197
202305030238 82
202305030834 200
202305031456 41
202305032119 217
202305040318 73
202305040907 202
202305041522 29
202305042151 234
202305050358 67
202305050940 201
202305051550 20
202305052225 247
202305060439 64
202305061014 196
202305061621 15
202305062302 255
202305070522 65
202305071049 189
202305071654 16
202305072340 257
202305080608 70
202305081125 177
202305081728 23
202305090021 255
202305090658 76
202305091205 163
202305091806 35
202305100107 247
202305100757 81
202305101254 148
202305101849 52
202305110158 237
202305110908 84
202305111402 135
202305111944 71
202305120257 226
202305121029 80
202305121552 130
202305122103 89
202305130407 217
202305131144 68
202305131748 142
202305132241 99
202305140522 211
202305141242 54
202305141900 165
202305150010 99
202305150631 209
202305151327 39
202305151950 190
202305160123 91
202305160728 209
202305161407 27
202305162032 212
202305170224 82
202305170817 207
202305171443 18
202305172111 232
202305180317 73
202305180901 203
202305181519 13
202305182149 247
202305190407 68
202305190941 196
202305191553 13
202305192227 256
202305200454 66
202305201020 186
202305201626 18
202305202305 259
202305210540 68
202305211058 174
202305211658 27
202305212343 256
202305220627 73
202305221135 160
202305221730 40
202305230022 248
202305230715 80
202305231213 147
202305231801 54
202305240101 238
202305240808 87
202305241255 134
202305241832 70
202305250142 225
202305250907 92
202305251348 124
202305251908 85
202305260226 212
202305261014 94
202305270314 200
202305271117 91
202305280409 190
202305281203 84
202305290508 184
202305291236 75
202305291904 161
202305300009 115
202305300604 181
202305301305 63
202305301941 182
202305310113 108
202305310655 181
202305311335 50
202305312016 203
202306010209 99
202306010741 181
202306011407 36
202306012052 224
202306020259 90
202306020824 181
202306021440 25
202306022129 242
202306030347 82
202306030907 180
202306031516 17
202306032208 256
202306040434 75
202306040949 177
202306041553 13
202306042248 265
202306050521 70
202306051032 172
202306051631 16
202306052329 269
202306060610 67
202306061118 164
202306061712 24
202306070012 267
202306070702 66
202306071207 155
202306071755 37
202306080057 260
202306080756 65
202306081305 147
202306081844 54
202306090143 250
202306090854 63
202306091416 142
202306091941 73
202306100234 236
202306100955 60
202306101543 144
202306102051 91
202306110329 222
202306111056 54
202306111712 156
202306112214 104
202306120431 208
202306121152 46
202306121824 175
202306122341 109
202306130538 196
202306131241 38
202306131921 195
202306140102 106
202306140643 187
202306141326 31
202306142009 215
202306150213 98
202306150741 181
202306151407 26
202306152052 233
202306160314 89
202306160833 175
202306161446 23
202306162133 246
202306170407 81
202306170920 170
202306171524 24
202306172213 255
202306180455 75
202306181004 164
202306181600 27
202306182252 259
202306190540 72
202306191045 158
202306191636 33
202306192330 258
202306200623 71
202306201126 152
202306201711 42
202306210007 253
202306210704 73
202306211206 146
202306211745 54
202306220043 245
202306220745 76
202306221248 141
202306221821 66
202306230117 234
202306230824 79
202306231335 138
202306231858 79
202306240151 221
202306240903 81
202306241430 137
202306241941 92
202306250226 209
202306250943 81
202306251537 141
202306252035 105
202306260303 197
202306261025 77
202306261650 150
202306262143 115
202306270346 185
202306271108 71
202306271757 165
202306272304 121
202306280439 175
202306281153 61
202306281853 184
202306290028 121
202306290543 168
202306291238 50
202306291943 204
202306300145 114
202306300649 164
202306301323 39
202306302029 224
202307010250 102
202307010751 163
202307011407 29
202307012113 243
202307020345 89
202307020847 163
202307021452 22
202307022156 258
202307030434 76
202307030939 165
202307031536 18
202307032238 269
202307040520 64
202307041030 166
202307041621 20
202307042320 275
202307050605 55
202307051120 166
202307051706 27
202307060001 274
202307060650 49
202307061211 165
202307061753 38
202307070042 267
202307070735 45
202307071305 163
202307071842 53
202307080123 255
202307080822 45
202307081404 163
202307081934 71
202307090206 238
202307090911 46
202307091510 165
202307092033 89
202307100250 219
202307101003 47
202307101623 170
202307102143 106
202307110340 198
202307111058 48
202307111738 181
202307112309 116
202307120441 179
202307121153 48
202307121847 195
202307130046 118
202307130557 164
202307131246 46
202307131946 211
202307140215 110
202307140715 156
202307141335 43
202307142037 226
202307150322 97
202307150820 153
202307151421 40
202307152121 239
202307160412 85
202307160912 154
202307161504 38
202307162201 249
202307170454 75
202307170958 156
202307171544 38
202307172239 255
202307180530 68
202307181038 158
202307181622 39
202307182314 256
202307190604 65
202307191116 159
202307191659 44
202307192347 253
202307200635 64
202307201153 160
202307201734 50
202307210018 246
202307210704 65
202307211229 161
202307211809 59
202307220047 237
202307220731 66
202307221306 162
202307221844 70
202307230115 225
202307230759 67
202307231347 162
202307231921 82
202307240142 212
202307240829 67
202307241435 164
202307242003 96
202307250210 199
202307250904 67
202307251533 167
202307252056 111
202307260243 184
202307260949 65
202307261644 173
202307262210 123
202307270326 170
202307271044 62
202307271802 185
202307281146 57
202307281912 202
202307291248 50
202307292010 222
202307300253 103
202307300741 149
202307301346 41
202307302059 241
202307310344 84
202307310847 156
202307311439 33
202307312144 257
202308010426 65
202308010941 166
202308011529 27
202308012225 269
202308020506 49
202308021030 176
202308021617 25
202308022305 274
202308030545 38
202308031117 183
202308031703 29
202308032343 273
202308040623 31
202308041203 188
202308041749 37
202308050021 264
202308050702 29
202308051249 190
202308051835 51
202308060057 249
202308060742 32
202308061338 189
202308061922 68
202308070134 229
202308070823 39
202308071431 187
202308072014 87
202308080211 206
202308080908 48
202308081533 185
202308082116 106
202308090252 182
202308091000 57
202308091646 186
202308092244 121
202308100345 159
202308101101 64
202308101809 192
202308111207 67
202308111925 203
202308121310 65
202308122023 217
202308130330 94
202308130826 142
202308131405 60
202308132108 229
202308140406 80
202308140914 151
202308141452 54
202308142146 239
202308150436 70
202308150952 161
202308151533 48
202308152219 245
202308160503 62
202308161026 170
202308161611 45
202308162250 248
202308170528 57
202308171058 178
202308171646 44
202308172319 246
202308180552 54
202308181130 184
202308181719 47
202308182346 240
202308190615 52
202308191201 188
202308191752 54
202308200012 232
202308200638 52
202308201234 191
202308201825 63
202308210037 220
202308210702 52
202308211310 191
202308211900 76
202308220102 207
202308220730 54
202308221350 190
202308221940 91
202308230127 193
202308230802 57
202308231440 187
202308232029 107
202308240156 177
202308240844 61
202308241545 186
202308242142 122
202308250234 159
202308250943 66
202308251712 190
202308261102 69
202308261841 202
202308271224 65
202308271949 219
202308280247 90
202308280753 147
202308281334 56
202308282041 237
202308290327 68
202308290852 164
202308291433 45
202308292125 252
202308300404 48
202308300939 182
202308301524 37
202308302205 262
202308310439 32
202308311023 198
202308311611 32
202308312242 265
202309010514 21
202309011104 210
202309011656 33
202309012319 261
202309020548 17
202309021145 217
202309021740 39
202309022354 249
202309030623 19
202309031226 219
202309031824 52
202309040028 232
202309040658 26
202309041309 215
202309041909 68
202309050102 210
202309050734 38
202309051355 209
202309051959 88
202309060135 186
202309060813 53
202309061448 200
202309062100 107
202309070210 162
202309070859 68
202309071556 192
202309081003 81
202309081726 190
202309091130 88
202309091858 196
202309100241 99
202309100740 131
202309101250 86
202309102001 207
202309110314 85
202309110832 144
202309111351 78
202309112044 217
202309120338 73
202309120906 159
202309121438 68
202309122118 225
202309130401 63
202309130936 174
202309131518 59
202309132148 231
202309140421 55
202309141004 188
202309141554 53
202309142217 233
202309150442 48
202309151033 200
202309151628 49
202309152243 231
202309160503 43
202309161102 210
202309161701 50
202309162309 227
202309170525 39
202309171132 216
202309171734 55
202309172335 219
202309180548 38
202309181204 219
202309181808 63
202309182359 208
202309190614 39
202309191239 218
202309191845 75
202309200026 194
202309200642 43
202309201318 214
202309201927 90
202309210053 179
202309210714 50
202309211405 208
202309212022 104
202309220125 161
202309220756 61
202309221506 201
202309230856 73
202309231630 198
202309241031 82
202309241805 204
202309250131 94
202309250649 136
202309251209 81
202309251918 216
202309260219 72
202309260758 157
202309261324 71
202309262012 230
202309270256 50
202309270846 181
202309271424 59
202309272056 240
202309280330 32
202309280928 203
202309281515 49
202309282136 246
202309290404 18
202309291007 221
202309291602 42
202309292214 245
202309300437 10
202309301045 235
202309301647 42
202309302250 238
202310010511 9
202310011123 242
202310011731 47
202310012325 225
202310020544 14
202310021202 242
202310021815 57
202310022359 207
202310030617 25
202310031242 236
202310031901 72
202310040033 186
202310040649 41
202310041325 226
202310041953 89
202310050106 163
202310050723 58
202310051414 214
202310052101 104
202310060144 141
202310060802 77
202310061514 201
202310070903 94
202310071636 192
202310080116 102
202310081809 191
202310090206 89
202310090744 135
202310091223 102
202310091917 196
202310100233 78
202310100818 152
202310101328 94
202310102002 202
202310110253 68
202310110844 169
202310111416 83
202310112036 208
202310120312 58
202310120910 187
202310121456 73
202310122106 211
202310130332 49
202310130936 204
202310131532 65
202310132135 213
202310140352 40
202310141004 219
202310141607 60
202310142203 211
202310150415 32
202310151034 231
202310151642 59
202310152231 207
202310160439 27
202310161106 238
202310161718 62
202310162259 200
202310170506 26
202310171140 242
202310171756 68
202310172328 190
202310180534 29
202310181217 240
202310181839 78
202310182359 176
202310190605 36
202310191258 235
202310191928 88
202310200033 161
202310200641 48
202310201345 226
202310202032 97
202310210118 145
202310210725 63
202310211443 217
202310220832 80
202310221557 210
202310222341 91
202310230505 128
202310231011 93
202310231722 208
202310240050 73
202310240648 147
202310241151 93
202310241835 213
202310250137 54
202310250745 172
202310251308 85
202310251933 218
202310260216 36
202310260829 198
202310261410 74
202310262021 222
202310270252 21
202310270909 221
202310271503 64
202310272103 223
202310280327 11
202310280947 239
202310281551 57
202310282143 219
202310290401 6
202310291025 252
202310291638 55
202310292221 210
202310300434 8
202310301103 258
202310301724 58
202310302258 197
202310310508 15
202310311142 257
202310311811 65
202310312335 180
202311010541 28
202311011222 250
202311011901 75
202311020012 162
202311020613 44
202311021304 239
202311021957 86
202311030052 144
202311030646 63
202311031350 225
202311032107 95
202311040142 128
202311040723 81
202311041442 211
202311042240 98
202311051544 199
202311060011 92
202311061658 191
202311070102 84
202311071806 188
202311080132 75
202311080743 157
202311081247 109
202311081858 188
202311090155 66
202311090810 176
202311091342 100
202311091939 189
202311100216 56
202311100837 195
202311101427 91
202311102015 190
202311110239 45
202311110906 214
202311111508 83
202311112049 191
202311120303 34
202311120937 230
202311121548 76
202311122122 190
202311130331 25
202311131011 244
202311131628 72
202311132155 186
202311140401 20
202311141046 253
202311141709 71
202311142230 180
202311150432 20
202311151123 257
202311151754 73
202311152307 172
202311160507 24
202311161203 256
202311161842 76
202311162347 161
202311170543 34
202311171245 251
202311171936 79
202311180034 149
202311180625 49
202311181332 242
202311182038 80
202311190136 138
202311190716 66
202311191425 232
202311192149 77
202311200306 132
202311200824 85
202311201526 221
202311202300 69
202311210457 140
202311210952 98
202311211634 212
202311220000 56
202311220621 160
202311221124 103
202311221743 206
202311230050 42
202311230718 184
202311231245 99
202311231846 203
202311240133 30
202311240805 208
202311241353 91
202311241941 200
202311250213 19
202311250847 229
202311251452 82
202311252030 196
202311260251 13
202311260928 246
202311261545 74
202311262115 190
202311270328 11
202311271008 258
202311271636 69
202311272158 182
202311280404 14
202311281047 264
202311281724 67
202311282240 172
202311290439 22
202311291127 263
202311291813 69
202311292321 161
202311300515 33
202311301208 258
202311301902 73
202312010004 149
202312010550 48
202312011248 248
202312011954 78
202312020050 138
202312020627 64
202312021329 235
202312022048 82
202312030145 129
202312030706 81
202312031412 221
202312032147 85
202312041456 207
202312042245 85
202312051544 194
202312052334 82
202312061637 184
202312070012 75
202312070646 159
202312071144 120
202312071733 177
202312080044 67
202312080726 178
202312081255 116
202312081827 173
202312090114 56
202312090802 197
202312091356 109
202312091917 171
202312100146 45
202312100838 216
202312101448 100
202312102003 170
202312110220 34
202312110915 234
202312111536 91
202312112047 170
202312120255 25
202312120953 249
202312121623 82
202312122131 168
202312130333 20
202312131032 260
202312131708 75
202312132215 166
202312140412 20
202312141112 266
202312141754 69
202312142300 162
202312150452 25
202312151153 267
202312151841 65
202312152349 157
202312160535 35
202312161235 263
202312161930 62
202312170043 152
202312170622 49
202312171318 255
202312172021 59
202312180145 149
202312180714 66
202312181403 242
202312182115 56
202312190258 150
202312190816 84
202312191452 227
202312192212 52
202312200420 157
202312200929 99
202312201546 212
202312202307 47
202312210538 172
202312211052 109
202312211647 196
202312220001 41
202312220644 191
202312221219 112
202312221755 184
202312230050 34
202312230739 211
202312231341 106
202312231903 175
202312240136 29
202312240828 229
202312241450 96
202312242004 169
202312250220 25
202312250913 244
202312251549 85
202312252058 166
202312260302 23
202312260955 256
202312261639 76
202312262146 162
202312270342 25
202312271036 262
202312271726 69
202312272232 159
202312280422 30
202312281116 264
202312281809 65
202312282316 155
202312290501 38
202312291154 260
202312291850 65
202312292359 152
202312300539 49
202312301230 252
202312301929 67
202312310042 148
202312310616 61
202312311305 240
202312312007 71